14,0
13,4
13,3
13,2
13,1
13,0
12,9
12,8
12,7
12,6
12,5
12,4
12,3
12,2
12,1
12,0
11,5
11,4
11,3
11,2
11,1
11,0
10,4
10,3
10,2
10,1
10,0
9,5
9,4
9,3
9,2
9,1
9,0
8,5
8,4
8,3
8,2
8,1
8,0
7,7
7,6
7,5
7,4
7,3
7,2
7,1
7,0
6,5
6,4
6,3
6,2
6,1
6,0
5,6
5,5
5,4
5,3
5,2
5,1
5,0
4,3
4,2
4,1
4,0
3,6
3,5
3,4
3,3
3,2
3,1
3,0
2,20
2,19
2,18
2,13
2,12
2,10
2,7
2,6
2,5
2,4
2,3
2,2
2,1
2,0
1,3
14,65
14,1
1,2
1,1
1,0
0,447
0,445
0,440
0,439
0,409
0,408
14,169
0,391
0,383
0,382
0,373
0,366
0,322
0,306
0,243
0,0
14,3
0,9
0,310
0,305
0,378
0,308
0,304
0,303
0,302
0,307
0,12
0,438
0,10
0,8
0,337
0,300
0,317
0,299
0,395
0,298
0,442
0,297
0,333
0,296
0,309
0,295
0,316
0,294
0,359
0,293
0,380
0,292
0,327
0,291
0,347
0,290
0,404
0,289
0,356
0,288
0,385
0,287
0,433
0,286
0,346
0,285
0,360
0,284
0,426
0,283
0,357
0,282
0,436
0,281
0,410
0,280
0,375
0,279
0,314
0,278
0,369
0,277
0,418
0,276
0,364
0,275
14,2
14,4
14,6
14,7
14,9
14,10
14,12
14,14
14,15
14,17
14,18
14,20
14,22
14,23
14,25
14,26
14,28
14,29
14,31
14,33
14,34
14,36
14,37
14,40
14,47
14,48
14,66
14,67
14,69
14,70
14,72
14,74
14,75
14,77
14,78
14,80
14,82
14,83
14,85
14,86
14,88
14,89
14,91
14,93
14,94
14,96
14,97
14,99
14,101
14,102
14,104
14,105
14,107
14,109
14,113
14,115
14,116
14,118
14,119
14,121
14,127
14,128
14,130
14,131
14,133
14,141
14,143
14,150
14,151
14,153
14,154
14,156
14,158
14,159
14,161
14,162
14,164
14,166
14,167
14,170
14,171
14,173
14,176
14,187
14,191
14,192
14,194
14,195
14,197
14,199
14,200
14,202
14,203
14,205
14,207
14,208
14,213
14,214
14,216
14,219
14,221
14,223
14,224
14,226
14,227
14,229
14,240
14,241
14,244
14,245
14,247
14,248
14,250
14,252
14,253
14,255
14,256
14,258
14,261
14,267
14,269
14,270
14,273
14,274
14,278
14,280
14,284
14,289
14,290
14,292
14,295
14,296
14,301
14,302
14,305
14,306
14,308
14,310
14,311
14,329
14,330
14,332
14,334
14,335
14,337
14,338
14,340
14,342
14,343
14,345
14,346
14,348
14,349
14,351
14,353
14,354
14,356
14,357
14,359
14,361
14,362
14,364
14,365
14,367
14,368
14,370
14,372
14,373
14,375
14,376
14,378
14,380
14,381
15,1
15,2
15,4
15,5
15,8
15,11
15,13
15,17
15,18
15,21
15,26
15,29
15,64
15,65
15,68
15,71
15,128
15,130
15,131
15,134
15,135
15,137
15,140
15,143
15,145
15,146
15,148
15,152
15,153
15,156
15,158
15,160
15,161
15,164
15,167
16,0
16,2
16,3
16,5
16,7
16,8
16,10
16,12
16,20
16,21
16,24
16,26
16,27
16,29
16,30
16,32
16,34
17,1
17,4
17,5
17,8
17,10
19,3
21,1
21,3
21,7
27,1
31,1
38,1
38,3
47,3
47,4
48,1
48,4
52,1
52,4
80,1
81,1
81,3
81,5
81,7
81,8
81,10
81,11
81,13
81,15
81,16
81,18
81,19
81,21
81,22
81,24
81,26
81,27
81,29
81,30
81,32
81,34
81,35
81,65
81,64
81,33
81,31
81,28
81,25
81,23
81,20
81,17
81,14
81,12
81,9
81,6
81,4
80,3
52,3
48,3
47,5
47,1
31,3
27,3
21,4
19,4
19,1
17,6
17,3
16,33
16,31
16,28
16,25
16,23
16,14
16,9
16,6
16,4
16,1
15,165
15,163
15,159
15,155
15,150
15,147
15,144
15,138
15,136
15,133
15,129
15,69
15,67
15,54
15,25
15,19
15,15
15,9
15,7
15,3
15,0
14,379
14,377
14,374
14,371
14,369
14,366
14,363
14,360
14,358
14,355
14,352
14,350
14,347
14,344
14,341
14,339
14,336
14,333
14,331
14,320
14,309
14,307
14,303
14,300
14,294
14,291
14,288
14,279
14,276
14,272
14,268
14,260
14,257
14,254
14,251
14,249
14,246
14,243
14,230
14,228
14,225
14,222
14,220
14,215
14,209
14,206
14,204
14,201
14,198
14,196
14,193
14,190
14,177
14,172
14,168
14,165
14,163
14,160
14,157
14,155
14,152
14,149
14,134
14,132
14,129
14,126
14,120
14,117
14,114
14,108
14,106
14,103
14,100
14,98
14,95
14,92
14,90
14,87
14,84
14,81
14,79
14,76
14,73
14,71
14,68
14,64
14,41
14,39
14,35
14,32
14,30
14,27
14,24
14,21
14,19
14,16
14,13
14,11
14,8
14,5
0,274
0,402
0,273
0,397
0,272
0,368
0,271
0,270
0,348
0,269
0,370
0,268
0,434
0,267
0,358
0,266
0,394
0,265
0,325
0,264
0,341
0,263
0,326
0,262
0,261
0,329
0,260
0,431
0,259
0,315
0,258
0,415
0,257
0,371
0,256
0,374
0,255
0,425
0,254
0,365
0,253
0,350
0,252
0,328
0,251
0,323
0,250
0,441
0,249
0,340
0,248
0,319
0,247
0,419
0,246
0,401
0,245
0,312
0,244
0,379
0,242
0,241
0,416
0,240
0,421
0,239
0,420
0,238
0,417
0,237
0,342
0,236
0,398
0,235
0,403
0,234
0,321
0,233
0,399
0,232
0,429
0,231
0,387
0,230
0,353
0,229
0,388
0,228
0,363
0,227
0,301
0,226
0,423
0,225
0,324
0,224
0,390
0,223
0,334
0,222
0,405
0,221
0,384
0,220
0,392
0,219
0,443
0,218
0,411
0,217
0,318
0,216
0,437
0,215
0,407
0,214
0,414
0,213
0,349
0,212
0,344
0,211
0,355
0,210
0,393
0,209
0,400
0,208
0,413
0,207
0,396
0,206
0,444
0,205
0,313
0,204
0,345
0,203
0,343
0,202
0,336
0,201
0,335
0,200
0,446
0,199
0,339
0,198
0,412
0,197
0,435
0,196
0,354
0,195
0,428
0,194
0,424
0,193
0,367
0,192
0,332
0,63
0,381
0,62
0,406
0,61
0,362
0,60
0,372
0,59
0,351
0,58
0,427
0,57
0,311
0,56
0,422
0,55
0,386
0,54
0,376
0,53
0,320
0,52
0,430
0,51
0,330
0,50
0,331
0,49
0,432
0,48
0,338
0,47
0,389
0,46
0,361
0,45
0,352
0,6
0,5
0,1
0,377
0,11
0,4
0,2
0,3
0,7
